00100000000001000010000010001000100010100000011110001100001110001000000001100010000001001000011001000010011000010000010110101011
00000011000101100000100100000010000010000001100110010101011100010111000101000000000010101010001000010001010001010100010011001110
00001000100000000000011001011101001010011000100000000000001001000101000010010000011000101000000001000001011000000111111100100001
10001000010001000000100001001010001000100101001000000101000110011001000010110101000001000011000100101100100001111101001000000011
10010000001001100001011100000010000010001110000100101001001000111011001100010000100001100111010000000110000000000100000111001111
00001000001010001010010100001000100100001000000110010000010011000010110100100000100100001000000011000000000001001001000000010100
11000100000011011000000000101010001010011000010100000100001101001110011100100110100001011010001001100001001000001001100000010010
10101000000000100001111001100101100001010011001000001001000000100000011000010000010101110100010101010000010001000100010000001001
00010000010110001100010010101001101010111011000000100100011000000001000011110111000010101010000000110010100000001101001001011000
11000100001110100000100000100000000010000100110110101000100100000110001001000000110000000101010110000100010000101010000010001010
00111000101011110100000000110010000001100111000001100000010100000010110000000100000001000000100000011100000010000101111000010110
00001101001000000100000011010010000100000001000100010011001000000100000100100000100101110001111110100000000101000111111000011001
10010101010011000111101100000000000100000010001000000010100110000010100100011000000110111101010010100111000000000000101000100000
00000000010111010000001110001100000000110000010111000101000101010110010010011100000000100000001000101100000101100100011100100000
00010000000000010010100001011001010110010010100101111101011100000100011100001000001100001110000010101000101100000011000101010000
10001110000000000010101101000000100011000010000000101100000110100000100000010000000111011001011000010000101100011100010000000100
00100100000100000100001111000101010100111001100111110000001000000000001000110001101100001100000010111100010000100100111000111101
11101000000000100110000100000000011101000100011000001111010000000100011101001111010010110000110001001100000010100001100110000111
01000001001001101010011001011000000000000011001000100011000100001010000010010010000011010001001100000001000100000001000001100001
10000000001000110100010100100101000000010011000000100011111100000010000001111100101001010010010000001001000010011000101010101010
10000011000110000000000001001000101000010110001010000110100110111000000110010010111001101011100000010000101000111000100000000111
00000100010000001100110011110000010000101001000000110001000001000000000000110101101111100101001000000000100110101000000000100000
10000001001010100001000100001001010100010000000100010000101100010101000000001100000101110100000110110000010110001010000001100000
00101010100100000001110010001000000100000000010000101000010000010000011001000001010110100000000001111110010111100010000000010000
10000000001011111000000101100000100111000011100000101111100000100000001100000100001010000010101011010000100001101010000100000010
00010110100000010110000000100110010010010001110000000011000100010010110010001010000000100000001100100000110100000001010000010000
00100000001001000101110011000100001001000100100000110000000100000110000000010000010010010001000100110010101011100100010011011001
00001011101010111010010000001000011100000110000100010000000100000110000110010110101001000101000000000011000001110001010000001010
11001000000000010110000000011000001000001001000010100000100100001100110000000000100000000010001000001010001011010001001000000011
00000001101010100000101000000000100110000001000010000010010110010000001000100100101000000000001100000101100000010000010001111010
01000110100001010010100110100001100100001100101101100110000000100100000000110000110010001110100101010010100000011001011011110011
01000100000001010101000101011100010001010100000101000001001000001000010000001011000000100010001001001100010110000000001101001010
00100010110110010100010010000001001001001010000000000001011000001001100110000001111000110111001010101001111000000100111110000000
11101010001000100000000000000000000010110000001000000000101000000000010100001000000001001010001000100100010000000010101000000000
00010110000101000101000010001100001010010000001111011000110000001000001000110000001000000101000110001100000100010110001010001001
00010100010101100100000000110100110000100100010000000000100000100110010001000110101001100100001101000001001010000010100001000000
00010100001101000000100000010010000001000011011100010010011110010000000011010110000010000010001010110110000000100000000000100100
10000110000011011101000101000100100101001000100010001010000010000001101000000000000001010010000100000000000110010001110100010110
00000000100010000011110000000100101000111000000001011000000100100000010000100000001101110111100010100001010000101000100010101001
10110010010000011011110100110000100011001001000111000011010110101000110100001000000100000101010101001101010000100001010001001100
00000110000000001000010010000000100001000000100000110010111011000000011001000001000000011001111000000011010101011000000100000101
00001000000000000000110010001100001000000001000000001100001000110101000100000100010110010000100100101000010100000100000000100100
01001100000000000001001000010000001001010000010110011010010011000010001110000001010100000000001000100000000000100010001001010001
10000001010100101100100000000000000001100100100000010000111100001001000001000000000010000110010100100000001100100010100100101011
10011000000000000100110010000010000000000000010001001011000000110000110001111000000010001100000100100100001111100000000100000000
00100000001000101010011000100000000110001100001001000011000010110010100000101001001011100000000010000000101010010000100001101000
10100011000010100001100001001110000110001110000000001011000100001010000000100101000000100110101010101001000001000100001010001001
00101000001110010100001000010001100011010101000100110000110001000000000000010001000001100000100111011100000001001001001000010100
10001000000101000110010000000100000001000100000000000011000110000011010000100100100101001000000100000011001011000010000001001100
00000000000010001001001001000010100100100010001000000001000001010001010100000100001111000001101000000100110000000010100011000111
10000010000000000100111101001001000100101001000100000010000011111011001101000011101110100010001010000100000000111000000000000011
00011101101010001001001001100010001000000101110000000011010101001000100001000000000001011000000000011000010001011000010001000000
00010000010000001010001111110110000001110010100000100001110001010100110000011000000000010101110011000100110100000100011000101010
00100001000100011101000110000011010000100100000000100110000101011010101011010001100100001001010100101000001101000100100000001100
01101011010001000110010001110001001001001101111000100110001100000011010011110001011011001010011000010000001010100000010000001100
01000011001000000100000001110110000011000100100101110010101100010000010010110001101001000001110000001110001010010110110000000100
01000100001001100100100010100000000100001100001000110000000010000101000100000111000000100000000101010010000100010100001000010100
00001000001100010111110000001000001000011001000011101001100000011000000010000000000010101001100000001101000000100000000000001010
00000000010000000110000010010001010101010000011010000000000000100000010100010010100000100000100100010100100000000100000000100111
00011011000101011100000000010000000001000000000110010000001000000000001001010000000101001001000100000000000100010000000000100000
00000000000100000001001100000001100100010100000000000001100011110100000100001010101100100001010000011000011100001101000000100001
01111000000000100010000000101011010100100100001100011100110001000100000000000010000000000001011010000001110000010000001111010100
01100000000000101000001000011100000000101000001000000000001010000100111110000100110111000100000010001000011001001110110011000001
11110011001100011001001111100010010100000011101100100011000101000100010001100100010111100011000000000010000101000000001000010010
00010001101000010100100001110001101100001000010000110010010011001111000001010100101111000100000101010101000000000010000010010000
00010000001100010000100010000110111001001000000100000010000000000000100000000000001010000011000000011000010000001100100000000100
01100100011000000100000000101100100010000010000001000000100011110001001010111010010011000000000000000000110100000000010000000000
00010100010000110000001000100000000000100001100111101100010010011010000000100000011101000100010000000000110101001001000000100100
11110001000110000100001000011100000001000100001100101010000000001001110000001000110000011001000001000100000001101001000000010000
01011000001000010000100000001110010010100000010001011010000110001110000101001100101001001011000000110010000000101001000001011100
01100000100000010011100000000110100101000000000000000001000111010111000111000010011011001100100000100111100010010000001010001000
00110010100010011111001000100000011000010100100010000010000001010100010000001100000000011000000010000011000000001011001000010100
00000000000011110011100100000000001010110010010100011110000000100100000001000000100000100000110100101000010000010000010100000001
00100100000000000000010000000100101100010110010100001001011001010000001011010000111010000000000000010001010010000101011001000000
00000000000000101000000010010000100000010100010110011000000111010110000000111000001010100101101000001000100110100001100100000000
00101000111011000001000001110010000000001001100110001100000100000000001000011010011000000000110000000001001101010010001110011000
00000001100011001000010000000101000101110100101000010101011011000001001101101010001000100000110100000000101110010001111100000110
11000110011101000111100000100000000011001001110100000010100000000000101001100110110011110010100000000001010001001111010010000010
00000000001100001010100111000000011100000000001010110001000001000110110000000100000001000000011010001011010001101010100011110011
00101111010000110011110100000101100101011101000000001000000010011100001010100011001001000010001100010101000000000001110111001000
10100010000110100000000000010000000001110100010010000000000010010001000010100000001111001110011000100100100011001101000000010000
10000100001100001000100000011000000001000111100111000000011101100000110001011001000000000110100000011001000001110000100001000100
10000110000010100011010100000010101101010000111000010001000000000100100110010001111001100100010001100110000010010000000010000100
11101000100000000011010000000001000111111100000001101100010001101000100000011000000011010101011110000001000010010010010000100000
10000001101001100000000000000001000100101110011100011001000000001100100011101000101000011011000001100000100000101000101000101011
00101000000001011010000000010101000000110000011001100001000000110010111010100000010000110010111111000011101100010010000001000001
00100000010010110110001000001101010000111011000001010001001000000011000001010010100111010010001011100001010001010100000100010000
10000000100001011100100001000000100101000010000100101001000000000101101001001011000001110100000010000001111100100000110010001000
00011010100000000011110001010101010001000100010111000000111011100000001010101001000000000001010111000000100010010000110100000000
01100000000001001000000000001000000110010010101110000000000000001100000000010011001001100001000100110101000001000000101000010000
00000110110100000000100000000011010011101011100001001000010110101100001001011110101100001000101101001011001000010000000000000000
00010100000010100010001010001111010100100110100000000110011111000010101010100100010000000100000100000010100001000110000001110000
00000101001000000001011000000000001000100001011110111001101000000000100010000100100000000100001111001000000111010101000011000001
00001111000111000110000000100011100000100001001110011000001010001110111000000000100110010010101001000010010000000010000001100001
10010000001000000011010010000001100100000001000000000100100001000000101010000001001000000001001010010010000000100000100000010110
10100010000010000001010000000010111000001100000101000000100100001010101010000010000100011110010000110110010010000001100000001110
10001001000001100000110010011000000000001100000000000111010011100000100100011001001010010000000111010000001100010000101001110010
00000000000000001100101101000001000110011100111000011101010011000101010000001010000110000001010110100010000100000010010001001010
10000000001100010000000000001000000010000000000001000001110011110001001000000010010001000000000000000001010000100100000010101110
00001000100001001000010000010101010010011110101001010011110110010000000100101000010101110000110101000100000000011000010101000101
00101100100100100000101100000000100011111010000000000010010110000001001000110000010100000110011010001000010000010110000000000100
11000011000010001001100001000000100111000011110110010010110100100011110011000000111100001000000000010111100010010100000110001011
00100110000111001011010110110000100110000011010000000010000010000100110010110000101000010001101000111011110100000010001100010010
00010100100001000001000000101000011010001011010010110010100000100000000111000010100001100110000011001000011111001010000000000000
00001011010100000001000000001010010000011110100000011000001000001000001110100000100010100111001000100000110000110111110001000110
00000010010001101100000000011010000000100011000000100011010000001101100000000001100000100101011000000000000001010000100000010000
10100010011001011001000001000000101001001100000010100000000000000110000000010000011100001100011001000101010000001011000100110111
10010001001000001100001010001000001011000000110100101001100000000000010100100000010000100000000000001010010001000001011010000010
01101100101000001001111010000101010101001011000010100100001101001010110100010001100011100011010000100011000011000000010110000000
00101100011100110000011111001000100000000100001011001011100000110000000010000100000000100111010001000010000000101111100000011000
01110000110001100000111100010000101000110000111000010010100100000000010000101010100011100001110010001010110100001001100001011000
00000000000010000001010001000110000100101100010001100100010000100100000001010110010001100000001100100000000110101010100100100010
01000011001000000000001101100100010111010000000000001000110000010010011000001101100001101100010001000011100000010010000010010000
11100010011100100000000000010010100010000100010000010000101010110001000000110110000000100011110010001010001011100000100100100010
00111000010000001000000000000000100010001001000000001101000100000001000100001000000100100000100000000000001100010100001110000101
00001000000000110000011100010000001011100000100000100010001000000011001010110011100000000000001000010000000100000000111000011000
10010100010000000110101011000110000100010000000100010010110100001010100001000010000110010011010001111000000111010011110010100100
00010110000000000100001010000000000001000011010001111010100100000001000000000100100000000000000001000000100110011001000000100100
11111010011100110011010101001110101000000010011100011001010000000010000001000000110000010000100110011011010000000011000001000010
11100011001001001100100000000001000000000101001001101111001001000110111000001111100100100010000001000000010001101000001000011000
00010010000001001000100010000000000000000011100001100001000000000010010011010100000001111010001011000000100000101111010001001011
00100000001100000000011011000000010010000010110010101110110101000000000000000000000110100010100000001000000000110111100000000000
10000110100000011001100010000111011000010011000000000000000010011000001000110001000001000100101110000100000000010101001100111101
10110010000000110011101111000000111011101111011000000010010010100001010000000100110110001001010010000100010100000000110000000001
01100001010111000000001100100100000000000101111000100011010000010000000011110110000010001010000100110100010100000000001001100011
11000001100000100001010001001001010110010101000101100000001100100010001100000010010000011010000010010001000001100001100000010100
00000000000001000010000000000100000100001101100001010100000000000110010000000111101000110000000000100011111100110001010000000000
01000000010000011000000001010100110100001000000001000110000100101000101000000010001011011101100000101000110000010100000001010001
